Intrinsics:
[[1.43926604e+03 0.00000000e+00 6.43571955e+02]
 [0.00000000e+00 1.43401691e+03 3.87703200e+02]
 [0.00000000e+00 0.00000000e+00 1.00000000e+00]]

Distortion coefficients:
[[ 0.02401423  0.20698796  0.0059319   0.0037284  -1.49333307]]

Root mean squared reprojection error:
0.6516271339110544

Extrinsics:
[array([[-1.05240700e-01,  9.87851758e-01,  1.14338528e-01,
        -8.35480160e+01],
       [ 6.71361167e-01, -1.42426069e-02,  7.40993476e-01,
        -6.54776831e+01],
       [ 7.33620187e-01,  1.54745120e-01, -6.61706407e-01,
         4.16922306e+02]]), array([[-6.68194547e-01,  6.66870524e-01,  3.29848074e-01,
        -7.62914087e+01],
       [ 7.02053639e-01,  4.18436005e-01,  5.76222177e-01,
        -7.61946392e+01],
       [ 2.46245275e-01,  6.16599558e-01, -7.47775535e-01,
         5.40671172e+02]]), array([[-9.91670908e-01,  1.28698086e-01, -5.06086933e-03,
         6.41171172e+01],
       [ 1.27599676e-01,  9.87035721e-01,  9.73591709e-02,
        -1.34603269e+02],
       [ 1.75251978e-02,  9.59024921e-02, -9.95236444e-01,
         7.14228654e+02]]), array([[-9.44909757e-01,  1.35232856e-01,  2.98089961e-01,
         2.72734521e+01],
       [ 2.89284492e-01,  7.71129049e-01,  5.67163533e-01,
        -9.19989190e+01],
       [-1.53166684e-01,  6.22151159e-01, -7.67768130e-01,
         5.25166196e+02]]), array([[-9.47602697e-01, -1.80410137e-01,  2.63631013e-01,
         1.05282727e+02],
       [-3.12692415e-01,  3.54973721e-01, -8.81031845e-01,
        -3.59084573e+01],
       [ 6.53649944e-02, -9.17303570e-01, -3.92786937e-01,
         5.91939984e+02]]), array([[-9.58304856e-01,  2.94112277e-02, -2.84230159e-01,
        -1.20733024e+01],
       [ 4.56972870e-02,  9.97660927e-01, -5.08373194e-02,
        -1.04690474e+02],
       [ 2.82070136e-01, -6.17061971e-02, -9.57407324e-01,
         6.01963320e+02]]), array([[-6.67388132e-01,  6.88684174e-01,  2.83385232e-01,
        -5.50993055e+01],
       [ 6.87492405e-01,  4.23485137e-01,  5.89927565e-01,
        -9.96267735e+01],
       [ 2.86264344e-01,  5.88535851e-01, -7.56094093e-01,
         5.16310003e+02]]), array([[-1.41494060e-01,  9.71318290e-01,  1.91102620e-01,
        -6.29255028e+01],
       [ 7.75828201e-01, -1.10997102e-02,  6.30846574e-01,
        -9.40109268e+01],
       [ 6.14873998e-01,  2.37523845e-01, -7.52005578e-01,
         4.96212073e+02]]), array([[-9.66520475e-01, -1.68544780e-01,  1.93470486e-01,
         8.46043903e+01],
       [-2.52922648e-01,  4.98784368e-01, -8.29001983e-01,
        -6.24543265e+01],
       [ 4.32239027e-02, -8.50180458e-01, -5.24714097e-01,
         6.26153309e+02]]), array([[-9.95519521e-01,  6.71323198e-02,  6.65892937e-02,
         6.08745777e+01],
       [ 7.37612886e-02,  9.91976244e-01,  1.02676210e-01,
        -1.12114384e+02],
       [-5.91621053e-02,  1.07127883e-01, -9.92483482e-01,
         5.65500752e+02]]), array([[-5.06092361e-01,  7.17730024e-01,  4.78261576e-01,
         2.42091215e+01],
       [ 7.68091524e-01,  6.27294450e-01, -1.28596590e-01,
        -1.41789434e+02],
       [-3.92308466e-01,  3.02266911e-01, -8.68751278e-01,
         7.17100624e+02]]), array([[-1.19926611e-01,  9.90864187e-01, -6.16909371e-02,
        -6.30520459e+01],
       [ 9.92029824e-01,  1.17184429e-01, -4.63102315e-02,
        -1.18912055e+02],
       [-3.86579326e-02, -6.67530786e-02, -9.97020356e-01,
         6.07735397e+02]]), array([[-1.76365378e-01,  9.70614829e-01,  1.63713491e-01,
        -7.33543466e+01],
       [ 8.61188871e-01,  7.16047469e-02,  5.03216145e-01,
        -1.11054125e+02],
       [ 4.76706390e-01,  2.29738142e-01, -8.48511287e-01,
         5.91148086e+02]]), array([[-1.58011595e-01,  9.45977869e-01,  2.83122246e-01,
        -1.14110353e+02],
       [ 6.82411297e-01,  3.11850196e-01, -6.61108370e-01,
        -1.30214945e+02],
       [-7.13685616e-01,  8.87430312e-02, -6.94821932e-01,
         6.09725107e+02]]), array([[-8.01037871e-01,  5.95102510e-01,  6.47404878e-02,
         1.91206664e+00],
       [ 3.84030671e-01,  4.27916456e-01,  8.18173545e-01,
        -7.31431184e+01],
       [ 4.59193611e-01,  6.80250328e-01, -5.71314904e-01,
         4.15301910e+02]]), array([[-9.61612625e-01, -2.25339499e-01,  1.56599073e-01,
         7.92387872e+01],
       [-2.67962977e-01,  6.48119547e-01, -7.12837215e-01,
        -7.23827478e+01],
       [ 5.91354609e-02, -7.27436020e-01, -6.83622582e-01,
         6.17902474e+02]])]
