Intrinsics:
[[1.43910997e+03 0.00000000e+00 6.43949773e+02]
 [0.00000000e+00 1.43384125e+03 3.87755404e+02]
 [0.00000000e+00 0.00000000e+00 1.00000000e+00]]

Distortion coefficients:
[[ 0.02525236  0.17953895  0.00595169  0.00378375 -1.39188493]]

Root mean squared reprojection error:
0.6521848844336011

Extrinsics:
[array([[-1.57756070e-01,  9.45949119e-01,  2.83360701e-01,
        -1.14276796e+02],
       [ 6.82457978e-01,  3.11837179e-01, -6.61066322e-01,
        -1.30240282e+02],
       [-7.13697506e-01,  8.90945459e-02, -6.94764731e-01,
         6.09633435e+02]]), array([[-1.76487841e-01,  9.70551034e-01,  1.63959545e-01,
        -7.35083089e+01],
       [ 8.61181823e-01,  7.15867907e-02,  5.03230761e-01,
        -1.11075259e+02],
       [ 4.76673798e-01,  2.30013091e-01, -8.48455107e-01,
         5.91055400e+02]]), array([[-9.58268050e-01,  2.93295153e-02, -2.84362664e-01,
        -1.22267939e+01],
       [ 4.56223196e-02,  9.97664148e-01, -5.08414332e-02,
        -1.04709820e+02],
       [ 2.82207280e-01, -6.16930054e-02, -9.57367758e-01,
         6.01801946e+02]]), array([[-9.61633006e-01, -2.25128692e-01,  1.56777020e-01,
         7.90776992e+01],
       [-2.67950305e-01,  6.48147519e-01, -7.12816546e-01,
        -7.24075428e+01],
       [ 5.88608199e-02, -7.27476368e-01, -6.83603349e-01,
         6.17857893e+02]]), array([[-9.66531823e-01, -1.68309460e-01,  1.93618597e-01,
         8.44375635e+01],
       [-2.52928125e-01,  4.98843763e-01, -8.28964573e-01,
        -6.24801839e+01],
       [ 4.29371500e-02, -8.50192229e-01, -5.24718568e-01,
         6.26118935e+02]]), array([[-9.47622625e-01, -1.80174349e-01,  2.63720618e-01,
         1.05128905e+02],
       [-3.12686140e-01,  3.55033956e-01, -8.81009800e-01,
        -3.59328443e+01],
       [ 6.51055934e-02, -9.17326602e-01, -3.92776231e-01,
         5.91909581e+02]]), array([[-9.44880582e-01,  1.35091485e-01,  2.98246503e-01,
         2.71341882e+01],
       [ 2.89272214e-01,  7.71135253e-01,  5.67161360e-01,
        -9.20184331e+01],
       [-1.53369722e-01,  6.22174182e-01, -7.67708939e-01,
         5.25127093e+02]]), array([[-5.05989769e-01,  7.17652397e-01,  4.78486562e-01,
         2.40204979e+01],
       [ 7.68119300e-01,  6.27272656e-01, -1.28536981e-01,
        -1.41816034e+02],
       [-3.92386409e-01,  3.02496366e-01, -8.68636204e-01,
         7.17010086e+02]]), array([[-1.19915610e-01,  9.90879292e-01, -6.14693017e-02,
        -6.32107070e+01],
       [ 9.92035508e-01,  1.17191322e-01, -4.61708225e-02,
        -1.18935594e+02],
       [-3.85460432e-02, -6.65163323e-02, -9.97040511e-01,
         6.07635078e+02]]), array([[-6.67461194e-01,  6.88537170e-01,  2.83570308e-01,
        -5.52360141e+01],
       [ 6.87478022e-01,  4.23462352e-01,  5.89960682e-01,
        -9.96451855e+01],
       [ 2.86128509e-01,  5.88724216e-01, -7.55998859e-01,
         5.16247013e+02]]), array([[-6.68269195e-01,  6.66697809e-01,  3.30045928e-01,
        -7.64302559e+01],
       [ 7.02041377e-01,  4.18430255e-01,  5.76241292e-01,
        -7.62166285e+01],
       [ 2.46077604e-01,  6.16790202e-01, -7.47673498e-01,
         5.40577500e+02]]), array([[-1.05419840e-01,  9.87813117e-01,  1.14507215e-01,
        -8.36579480e+01],
       [ 6.71355713e-01, -1.42490910e-02,  7.40998293e-01,
        -6.54950165e+01],
       [ 7.33599457e-01,  1.54990995e-01, -6.61671843e-01,
         4.16847643e+02]]), array([[-1.41642940e-01,  9.71256514e-01,  1.91306199e-01,
        -6.30569276e+01],
       [ 7.75804506e-01, -1.11228349e-02,  6.30875305e-01,
        -9.40279654e+01],
       [ 6.14869617e-01,  2.37775244e-01, -7.51929709e-01,
         4.96120327e+02]]), array([[-8.01159345e-01,  5.94924159e-01,  6.48764180e-02,
         1.80286619e+00],
       [ 3.84007828e-01,  4.27903547e-01,  8.18191018e-01,
        -7.31584063e+01],
       [ 4.59000754e-01,  6.80414432e-01, -5.71274460e-01,
         4.15242475e+02]]), array([[-9.95508930e-01,  6.71076673e-02,  6.67722301e-02,
         6.07264883e+01],
       [ 7.37681773e-02,  9.91955324e-01,  1.02873176e-01,
        -1.12133738e+02],
       [-5.93314904e-02,  1.07336831e-01, -9.92450794e-01,
         5.65434090e+02]]), array([[-9.91675434e-01,  1.28670767e-01, -4.86487663e-03,
         6.39289939e+01],
       [ 1.27593834e-01,  9.87050917e-01,  9.72126585e-02,
        -1.34632060e+02],
       [ 1.73103082e-02,  9.57826770e-02, -9.95251743e-01,
         7.14174591e+02]])]
