{
 "cells": [
  {
   "cell_type": "markdown",
   "metadata": {},
   "source": [
    "# **Sesi칩n 1:** Calibraci칩n de C치mara 游닝丘뙖잺"
   ]
  },
  {
   "cell_type": "markdown",
   "metadata": {},
   "source": [
    "## **Instalaciones**"
   ]
  },
  {
   "cell_type": "code",
   "execution_count": 2,
   "metadata": {},
   "outputs": [
    {
     "name": "stdout",
     "output_type": "stream",
     "text": [
      "Requirement already satisfied: numpy==1.26 in c:\\users\\enriq\\anaconda3\\lib\\site-packages (1.26.0)\n",
      "Requirement already satisfied: opencv-python==4.8.0.76 in c:\\users\\enriq\\anaconda3\\lib\\site-packages (4.8.0.76)\n"
     ]
    }
   ],
   "source": [
    "# !pip uninstall numpy -y\n",
    "# !pip uninstall opencv-python -y\n",
    "!pip install numpy==1.26 opencv-python==4.8.0.76"
   ]
  },
  {
   "cell_type": "code",
   "execution_count": 38,
   "metadata": {},
   "outputs": [
    {
     "name": "stderr",
     "output_type": "stream",
     "text": [
      "Ya existe el subdirectorio o el archivo ..\\output.\n",
      "Ya existe el subdirectorio o el archivo ..\\output\\left.\n",
      "Ya existe el subdirectorio o el archivo ..\\output\\left_cornersubpix.\n",
      "Ya existe el subdirectorio o el archivo ..\\output\\right.\n",
      "Ya existe el subdirectorio o el archivo ..\\output\\right_cornersubpix.\n",
      "Ya existe el subdirectorio o el archivo ..\\output\\fisheye_cornersubpix.\n"
     ]
    }
   ],
   "source": [
    "# Create necesary directories\n",
    "!mkdir ..\\output\n",
    "!mkdir ..\\output\\left\n",
    "!mkdir ..\\output\\left_cornersubpix\n",
    "!mkdir ..\\output\\right\n",
    "!mkdir ..\\output\\right_cornersubpix\n",
    "!mkdir ..\\output\\fisheye_cornersubpix\n",
    "!mkdir ..\\output\\fisheye_undistorted"
   ]
  },
  {
   "cell_type": "markdown",
   "metadata": {},
   "source": [
    "## **Librer칤as**"
   ]
  },
  {
   "cell_type": "code",
   "execution_count": 4,
   "metadata": {},
   "outputs": [],
   "source": [
    "from typing import List\n",
    "import numpy as np\n",
    "import imageio\n",
    "import cv2\n",
    "import copy\n",
    "import glob"
   ]
  },
  {
   "cell_type": "markdown",
   "metadata": {},
   "source": [
    "## **Apartado A: Calibraci칩n de c치mara** (derecha e izquierda)"
   ]
  },
  {
   "cell_type": "markdown",
   "metadata": {},
   "source": [
    "En este apartado se realiza la calibraci칩n de dos c치maras de un sistema estereosc칩pico. Para ello se trabajar치 con las im치genes de las carpetas ``left`` y ``right``. En primer lugar se trabajar치 con la carpeta ``left``. Posteriormente, deber치 repetir el proceso con las im치genes en la carpeta ``right``. Ambas carpetas contienen im치genes con las que se calibrar치n las c치maras. En ellas aparece el patr칩n de calibraci칩n en diferentes posiciones y orientaciones. Estas im치genes ser치n los datos de entrada.\n",
    "\n",
    "Los pasos que deber치 seguir para calibrar una c치mara son:\n",
    "\n",
    "1. Defina y ejecute el m칠todo para cargar im치genes ``load_images()``.\n",
    "2. Detecte las esquinas de los patrones usando ``cv2.findChessboardCorners()``. Refine las detecciones con ``cv2.cornerSubPix()``.\n",
    "3. Compruebe que las detecciones son correctas dibujando los resultados con ``cv2.drawChessboardCorners()``.\n",
    "4. Defina y ejecute el m칠todo ``get_chessboard_points(chessboard_shape, dx, dy)`` que proporcione las coordenadas 3D de las esquinas del patr칩n. El sistema de referencia utilizado deber치 estar anclado al propio patr칩n.\n",
    "5. Utilice ``cv2.calibrateCamera`` para obtener los par치metros de calibraci칩n para la c치mara izquierda."
   ]
  },
  {
   "cell_type": "markdown",
   "metadata": {},
   "source": [
    "### **Tarea A.1:** Defina y ejecute el m칠todo para cargar im치genes ``load_images()``."
   ]
  },
  {
   "cell_type": "code",
   "execution_count": 5,
   "metadata": {},
   "outputs": [],
   "source": [
    "def load_images(filenames: List) -> List:\n",
    "    return [imageio.imread(filename) for filename in filenames]"
   ]
  },
  {
   "cell_type": "code",
   "execution_count": 6,
   "metadata": {},
   "outputs": [
    {
     "name": "stderr",
     "output_type": "stream",
     "text": [
      "C:\\Users\\enriq\\AppData\\Local\\Temp\\ipykernel_12472\\283608422.py:2: DeprecationWarning: Starting with ImageIO v3 the behavior of this function will switch to that of iio.v3.imread. To keep the current behavior (and make this warning disappear) use `import imageio.v2 as imageio` or call `imageio.v2.imread` directly.\n",
      "  return [imageio.imread(filename) for filename in filenames]\n"
     ]
    }
   ],
   "source": [
    "# TODO Build a list containing the paths of all images from the left camera\n",
    "import os\n",
    "path = '../data/left/'\n",
    "imgs_path = [path + file_name for file_name in os.listdir(path)]\n",
    "imgs = load_images(imgs_path)\n",
    "\n",
    "# Quito la primera imagen porque no me detecta las esquinas\n",
    "imgs = imgs[1:]\n",
    "imgs_left = copy.deepcopy(imgs)"
   ]
  },
  {
   "cell_type": "markdown",
   "metadata": {},
   "source": [
    "### **Tarea A.2:** Detecte las esquinas de los patrones usando ``cv2.findChessboardCorners()``. Refine las detecciones con ``cv2.cornerSubPix()``."
   ]
  },
  {
   "cell_type": "code",
   "execution_count": 7,
   "metadata": {},
   "outputs": [],
   "source": [
    "# TODO Find corners with cv2.findChessboardCorners()\n",
    "corners = [cv2.findChessboardCorners(img, (8, 6)) for img in imgs]"
   ]
  },
  {
   "cell_type": "code",
   "execution_count": 8,
   "metadata": {},
   "outputs": [],
   "source": [
    "corners_copy = copy.deepcopy(corners)\n",
    "criteria = (cv2.TERM_CRITERIA_EPS + cv2.TERM_CRITERIA_MAX_ITER, 30, 0.01)\n",
    "\n",
    "# TODO To refine corner detections with cv2.cornerSubPix() you need to input grayscale images. Build a list containing grayscale images.\n",
    "imgs_gray = [cv2.cvtColor(img, cv2.COLOR_RGB2GRAY) for img in imgs]\n",
    "imgs_gray_left = copy.deepcopy(imgs_gray)\n",
    "\n",
    "corners_refined_left = [cv2.cornerSubPix(i, cor[1], (6, 6), (-1, -1), criteria) if cor[0] else np.array([]) for i, cor in zip(imgs_gray, corners_copy)]"
   ]
  },
  {
   "cell_type": "markdown",
   "metadata": {},
   "source": [
    "### **Tarea A.3:** Compruebe que las detecciones son correctas dibujando los resultados con ``cv2.drawChessboardCorners()``"
   ]
  },
  {
   "cell_type": "code",
   "execution_count": 9,
   "metadata": {},
   "outputs": [],
   "source": [
    "imgs_copy = copy.deepcopy(imgs)"
   ]
  },
  {
   "cell_type": "code",
   "execution_count": 10,
   "metadata": {},
   "outputs": [],
   "source": [
    "# TODO Use cv2.drawChessboardCorners() to draw the corners\n",
    "imgs_corners = [cv2.drawChessboardCorners(img, (8, 6), cor[1], cor[0]) for img, cor in zip(imgs_copy, corners)]"
   ]
  },
  {
   "cell_type": "code",
   "execution_count": 11,
   "metadata": {},
   "outputs": [],
   "source": [
    "# TODO Show images and save when needed\n",
    "\n",
    "def show_image(img):\n",
    "\tcv2.imshow('image', img)\n",
    "\tcv2.waitKey(0)\n",
    "\tcv2.destroyAllWindows()\n",
    "    \n",
    "def write_image(i, img, folder):\n",
    "\tcv2.imwrite(f'../output/{folder}/' + str(i) + '.jpg', img) \n",
    "\n",
    "for i, img in enumerate(imgs_corners):    \n",
    "\tshow_image(img)\n",
    "\twrite_image(i, img, 'left')"
   ]
  },
  {
   "cell_type": "markdown",
   "metadata": {},
   "source": [
    "### **Tarea A.4:** Defina y ejecute el m칠todo ``get_chessboard_points(chessboard_shape, dx, dy)``"
   ]
  },
  {
   "cell_type": "code",
   "execution_count": 12,
   "metadata": {},
   "outputs": [],
   "source": [
    "# TODO Design the method. It should return a np.array with np.float32 elements\n",
    "def get_chessboard_points(chessboard_shape, dx, dy):\n",
    "\tpoints = []\n",
    "\tfor i in range(chessboard_shape[1]):\n",
    "\t\tfor j in range(chessboard_shape[0]):\n",
    "\t\t\tpoints.append([i*dx, j*dy, 0])\n",
    "\treturn np.array(points, np.float32)"
   ]
  },
  {
   "cell_type": "code",
   "execution_count": 13,
   "metadata": {},
   "outputs": [],
   "source": [
    "# TODO You need the points for every image, not just one\n",
    "chessboard_points = [get_chessboard_points((8, 6), 30, 30)] * len(imgs)"
   ]
  },
  {
   "cell_type": "markdown",
   "metadata": {},
   "source": [
    "### **Tarea A.5:** Utilice ``cv2.calibrateCamera()`` para obtener los par치metros de calibraci칩n para la c치mara izquierda"
   ]
  },
  {
   "cell_type": "code",
   "execution_count": 14,
   "metadata": {},
   "outputs": [],
   "source": [
    "# Filter data and get only those with adequate detections\n",
    "valid_corners = [cor[1] for cor in corners if cor[0]]\n",
    "# Convert list to numpy array\n",
    "valid_corners = np.asarray(valid_corners, dtype=np.float32)\n",
    "valid_corners_left = copy.deepcopy(valid_corners)"
   ]
  },
  {
   "cell_type": "code",
   "execution_count": 15,
   "metadata": {},
   "outputs": [],
   "source": [
    "# TODO\n",
    "rms, intrinsics, dist_coeffs, rvecs, tvecs = cv2.calibrateCamera(chessboard_points, valid_corners, imgs_gray[0].shape[::-1], np.zeros((3,3)), np.zeros((1,4)))\n",
    "\n",
    "# Obtain extrinsics\n",
    "extrinsics = list(map(lambda rvec, tvec: np.hstack((cv2.Rodrigues(rvec)[0], tvec)), rvecs, tvecs))"
   ]
  },
  {
   "cell_type": "code",
   "execution_count": 16,
   "metadata": {},
   "outputs": [
    {
     "name": "stdout",
     "output_type": "stream",
     "text": [
      "Intrinsics:\n",
      " [[419.43707122   0.         149.75969166]\n",
      " [  0.         420.8835093  128.61357119]\n",
      " [  0.           0.           1.        ]]\n",
      "Distortion coefficients:\n",
      " [[ 2.42284124e-02 -3.34226604e+00  4.88771677e-03 -6.97578217e-03\n",
      "   2.00632089e+01]]\n",
      "Root mean squared reprojection error:\n",
      " 0.15254912898003242\n"
     ]
    }
   ],
   "source": [
    "# Print outputs\n",
    "print(\"Intrinsics:\\n\", intrinsics)\n",
    "print(\"Distortion coefficients:\\n\", dist_coeffs)\n",
    "print(\"Root mean squared reprojection error:\\n\", rms)"
   ]
  },
  {
   "cell_type": "markdown",
   "metadata": {},
   "source": [
    "### **Pregunta A.1:** Repita el proceso (carga de im치genes, detecci칩n y comprobaci칩n de esquinas, etc.) para la c치mara derecha."
   ]
  },
  {
   "cell_type": "code",
   "execution_count": 17,
   "metadata": {},
   "outputs": [
    {
     "name": "stderr",
     "output_type": "stream",
     "text": [
      "C:\\Users\\enriq\\AppData\\Local\\Temp\\ipykernel_12472\\283608422.py:2: DeprecationWarning: Starting with ImageIO v3 the behavior of this function will switch to that of iio.v3.imread. To keep the current behavior (and make this warning disappear) use `import imageio.v2 as imageio` or call `imageio.v2.imread` directly.\n",
      "  return [imageio.imread(filename) for filename in filenames]\n"
     ]
    }
   ],
   "source": [
    "# TODO Homework\n",
    "\n",
    "path = '../data/right/'\n",
    "imgs_path = [path + file_name for file_name in os.listdir(path)]\n",
    "imgs = load_images(imgs_path)\n",
    "imgs_right = copy.deepcopy(imgs)"
   ]
  },
  {
   "cell_type": "code",
   "execution_count": 18,
   "metadata": {},
   "outputs": [],
   "source": [
    "corners = [cv2.findChessboardCorners(img, (8, 6)) for img in imgs]\n",
    "\n",
    "corners_copy = copy.deepcopy(corners)\n",
    "criteria = (cv2.TERM_CRITERIA_EPS + cv2.TERM_CRITERIA_MAX_ITER, 30, 0.01)\n",
    "\n",
    "imgs_gray = [cv2.cvtColor(img, cv2.COLOR_RGB2GRAY) for img in imgs]"
   ]
  },
  {
   "cell_type": "code",
   "execution_count": 19,
   "metadata": {},
   "outputs": [],
   "source": [
    "imgs_copy = copy.deepcopy(imgs)\n",
    "\n",
    "imgs_corners = [cv2.drawChessboardCorners(img, (8, 6), cor[1], cor[0]) for img, cor in zip(imgs_copy, corners)]\n",
    "\n",
    "for i, img in enumerate(imgs_corners):    \n",
    "\tshow_image(img)\n",
    "\twrite_image(i, img, 'right')"
   ]
  },
  {
   "cell_type": "code",
   "execution_count": 20,
   "metadata": {},
   "outputs": [],
   "source": [
    "def get_valid_imgs(imgs, corners):\n",
    "\tvalid_imgs = []\n",
    "\tvalid_imgs_gray = []\n",
    "\tvalid_corners = []\n",
    "\tfor i, cor in enumerate(corners):\n",
    "\t\tif cor[0]:\n",
    "\t\t\tvalid_imgs.append(imgs[i])\n",
    "\t\t\tvalid_imgs_gray.append(cv2.cvtColor(imgs[i], cv2.COLOR_RGB2GRAY))\n",
    "\t\t\tvalid_corners.append(cor[1])\n",
    "\n",
    "\t# Convert list to numpy array\n",
    "\tvalid_corners = np.asarray(valid_corners, dtype=np.float32)\n",
    "\n",
    "\treturn valid_imgs, valid_imgs_gray, valid_corners\n",
    "\n",
    "valid_imgs_right, valid_imgs_gray_right, valid_corners = get_valid_imgs(imgs_right, corners)\n",
    "valid_corners_right = copy.deepcopy(valid_corners)\n",
    "chessboard_points = [get_chessboard_points((8, 6), 30, 30)] * len(valid_imgs_right)\n",
    "\n",
    "corners_refined_right = [cv2.cornerSubPix(i, cor, (3, 3), (-1, -1), criteria) for i, cor in zip(valid_imgs_gray_right, valid_corners_right)]"
   ]
  },
  {
   "cell_type": "code",
   "execution_count": 21,
   "metadata": {},
   "outputs": [
    {
     "name": "stdout",
     "output_type": "stream",
     "text": [
      "Intrinsics:\n",
      " [[431.71537857   0.         146.86695587]\n",
      " [  0.         434.75795189 137.57408161]\n",
      " [  0.           0.           1.        ]]\n",
      "Distortion coefficients:\n",
      " [[-0.11760795 -0.26326294  0.00634024 -0.00786122  1.68828721]]\n",
      "Root mean squared reprojection error:\n",
      " 0.20463921316160896\n",
      "Extrinsics:\n",
      " [array([[ 6.15913503e-01,  7.14606746e-01,  3.31644019e-01,\n",
      "        -9.17909706e+01],\n",
      "       [ 6.17781957e-01, -1.76873297e-01, -7.66199250e-01,\n",
      "        -3.65664883e+01],\n",
      "       [-4.88872182e-01,  6.76796155e-01, -5.50409806e-01,\n",
      "         5.25925288e+02]]), array([[ 6.01220226e-01,  7.17600875e-01,  3.51544057e-01,\n",
      "        -1.18280061e+02],\n",
      "       [ 6.51692452e-01, -1.85742730e-01, -7.35388731e-01,\n",
      "        -4.62579627e+01],\n",
      "       [-4.62418845e-01,  6.71229188e-01, -5.79327360e-01,\n",
      "         5.17809074e+02]]), array([[ 5.83118753e-01,  7.27505898e-01,  3.61535183e-01,\n",
      "        -1.29643058e+02],\n",
      "       [ 6.82697207e-01, -1.97611154e-01, -7.03473067e-01,\n",
      "        -6.13012932e+01],\n",
      "       [-4.40337420e-01,  6.57027397e-01, -6.11897014e-01,\n",
      "         5.07241573e+02]]), array([[ 5.57204429e-01,  7.49480908e-01,  3.57493488e-01,\n",
      "        -1.22706408e+02],\n",
      "       [ 7.06638790e-01, -2.01876780e-01, -6.78164720e-01,\n",
      "        -7.20090290e+01],\n",
      "       [-4.36101876e-01,  6.30495150e-01, -6.42098917e-01,\n",
      "         5.07753257e+02]]), array([[ 5.40028727e-01,  7.65117340e-01,  3.50662844e-01,\n",
      "        -1.21482350e+02],\n",
      "       [ 7.17120291e-01, -2.00192084e-01, -6.67578922e-01,\n",
      "        -7.73084550e+01],\n",
      "       [-4.40576284e-01,  6.11979236e-01, -6.56790646e-01,\n",
      "         5.14901942e+02]]), array([[ 5.18236960e-01,  7.79346300e-01,  3.52207039e-01,\n",
      "        -1.27518075e+02],\n",
      "       [ 7.34688868e-01, -1.94874044e-01, -6.49812568e-01,\n",
      "        -7.85710188e+01],\n",
      "       [-4.37793010e-01,  5.95519481e-01, -6.73567983e-01,\n",
      "         5.22908435e+02]]), array([[ 4.72429384e-01,  8.00609452e-01,  3.68557978e-01,\n",
      "        -1.35114793e+02],\n",
      "       [ 7.73571796e-01, -1.76260511e-01, -6.08702644e-01,\n",
      "        -8.17878351e+01],\n",
      "       [-4.22370873e-01,  5.72675072e-01, -7.02599536e-01,\n",
      "         5.17386707e+02]]), array([[ 4.31168960e-01,  8.22658293e-01,  3.70576121e-01,\n",
      "        -1.32148477e+02],\n",
      "       [ 8.08331442e-01, -1.69719589e-01, -5.63733572e-01,\n",
      "        -9.97494581e+01],\n",
      "       [-4.00866071e-01,  5.42612748e-01, -7.38158383e-01,\n",
      "         5.20166889e+02]]), array([[ 4.15330625e-01,  8.20330369e-01,  3.93139363e-01,\n",
      "        -1.48732617e+02],\n",
      "       [ 8.26977755e-01, -1.60453523e-01, -5.38852911e-01,\n",
      "        -1.02325297e+02],\n",
      "       [-3.78956811e-01,  5.48919624e-01, -7.45036229e-01,\n",
      "         5.21997464e+02]]), array([[ 4.01193325e-01,  8.25213492e-01,  3.97575915e-01,\n",
      "        -1.62929742e+02],\n",
      "       [ 8.41183750e-01, -1.60114950e-01, -5.16500825e-01,\n",
      "        -1.06998430e+02],\n",
      "       [-3.62565602e-01,  5.41651082e-01, -7.58393229e-01,\n",
      "         5.26922118e+02]]), array([[ 3.92315522e-01,  8.46285749e-01,  3.60401112e-01,\n",
      "        -1.56662751e+02],\n",
      "       [ 8.43947027e-01, -1.75335181e-01, -5.06962513e-01,\n",
      "        -9.48546882e+01],\n",
      "       [-3.65844156e-01,  5.03048710e-01, -7.83007055e-01,\n",
      "         5.44526729e+02]]), array([[ 3.50135968e-01,  8.67873777e-01,  3.52420078e-01,\n",
      "        -1.64587307e+02],\n",
      "       [ 8.66394421e-01, -1.57052289e-01, -4.74020343e-01,\n",
      "        -8.34946348e+01],\n",
      "       [-3.56041445e-01,  4.71306361e-01, -8.06910654e-01,\n",
      "         5.74789850e+02]]), array([[ 3.43677289e-01,  8.75646990e-01,  3.39305570e-01,\n",
      "        -1.76368314e+02],\n",
      "       [ 8.71472962e-01, -1.62767659e-01, -4.62646264e-01,\n",
      "        -7.23615777e+01],\n",
      "       [-3.49886835e-01,  4.54696644e-01, -8.19042224e-01,\n",
      "         5.91889683e+02]]), array([[ 3.14049397e-01,  8.86658985e-01,  3.39424248e-01,\n",
      "        -1.95000036e+02],\n",
      "       [ 8.94522579e-01, -1.56544882e-01, -4.18715961e-01,\n",
      "        -7.27208222e+01],\n",
      "       [-3.18123140e-01,  4.35120149e-01, -8.42299308e-01,\n",
      "         5.99501897e+02]]), array([[ 2.33534521e-01,  9.32205073e-01,  2.76505568e-01,\n",
      "        -1.70827782e+02],\n",
      "       [ 9.34964991e-01, -1.37192288e-01, -3.27137189e-01,\n",
      "        -1.10319589e+02],\n",
      "       [-2.67024516e-01,  3.34920853e-01, -9.03618244e-01,\n",
      "         6.09995453e+02]]), array([[ 2.26378253e-01,  9.44612661e-01,  2.37612725e-01,\n",
      "        -1.62168125e+02],\n",
      "       [ 9.37387294e-01, -1.44988486e-01, -3.16675543e-01,\n",
      "        -1.00917410e+02],\n",
      "       [-2.64684618e-01,  2.94423606e-01, -9.18290147e-01,\n",
      "         6.24765314e+02]]), array([[ 2.29289928e-01,  9.51589821e-01,  2.04702082e-01,\n",
      "        -1.45059431e+02],\n",
      "       [ 9.30032422e-01, -1.52138216e-01, -3.34505093e-01,\n",
      "        -9.24031862e+01],\n",
      "       [-2.87168632e-01,  2.67078222e-01, -9.19893146e-01,\n",
      "         6.40371382e+02]]), array([[ 2.28380815e-01,  9.54032549e-01,  1.94072405e-01,\n",
      "        -1.34818014e+02],\n",
      "       [ 9.31137736e-01, -1.55832534e-01, -3.29694916e-01,\n",
      "        -9.54822701e+01],\n",
      "       [-2.84296886e-01,  2.56004133e-01, -9.23924869e-01,\n",
      "         6.45861973e+02]])]\n"
     ]
    }
   ],
   "source": [
    "rms, intrinsics, dist_coeffs, rvecs, tvecs = cv2.calibrateCamera(chessboard_points, valid_corners, valid_imgs_gray_right[0].shape[::-1], np.zeros((3,3)), np.zeros((1,4)))\n",
    "\n",
    "# Obtain extrinsics\n",
    "extrinsics = list(map(lambda rvec, tvec: np.hstack((cv2.Rodrigues(rvec)[0], tvec)), rvecs, tvecs))\n",
    "\n",
    "# Print outputs\n",
    "print(\"Intrinsics:\\n\", intrinsics)\n",
    "print(\"Distortion coefficients:\\n\", dist_coeffs)\n",
    "print(\"Root mean squared reprojection error:\\n\", rms)\n",
    "print(\"Extrinsics:\\n\", extrinsics)"
   ]
  },
  {
   "cell_type": "markdown",
   "metadata": {},
   "source": [
    "### **Pregunta A.2:** Diferencias entre cv2.findChessboardCorners() y cv2.cornerSubPix()"
   ]
  },
  {
   "cell_type": "code",
   "execution_count": 22,
   "metadata": {},
   "outputs": [],
   "source": [
    "# TODO Homework\n",
    "imgs_corners_left = [cv2.drawChessboardCorners(img, (8, 6), cor, True) for img, cor in zip(imgs_left, corners_refined_left)]\n",
    "imgs_corners_right = [cv2.drawChessboardCorners(img, (8, 6), cor, True) for img, cor in zip(valid_imgs_right, corners_refined_right)]\n",
    "\n",
    "for i, img in enumerate(imgs_corners_left):    \n",
    "\tshow_image(img)\n",
    "\twrite_image(i, img, 'left_cornersubpix')\n",
    "\n",
    "for i, img in enumerate(imgs_corners_right):    \n",
    "\tshow_image(img)\n",
    "\twrite_image(i, img, 'right_cornersubpix')"
   ]
  },
  {
   "cell_type": "markdown",
   "metadata": {},
   "source": [
    "#### Error de left con cv.cornerSubPix()"
   ]
  },
  {
   "cell_type": "code",
   "execution_count": 23,
   "metadata": {},
   "outputs": [
    {
     "name": "stdout",
     "output_type": "stream",
     "text": [
      "Intrinsics:\n",
      " [[420.34844385   0.         149.49830627]\n",
      " [  0.         421.09434871 128.8368256 ]\n",
      " [  0.           0.           1.        ]]\n",
      "Distortion coefficients:\n",
      " [[-2.33350267e-02 -2.13281958e+00  4.05360055e-03 -6.81871867e-03\n",
      "   1.12715657e+01]]\n",
      "Root mean squared reprojection error:\n",
      " 0.09147505617249294\n"
     ]
    }
   ],
   "source": [
    "rms, intrinsics, dist_coeffs, rvecs, tvecs = cv2.calibrateCamera(chessboard_points, corners_refined_left, imgs_gray_left[0].shape[::-1], np.zeros((3,3)), np.zeros((1,4)))\n",
    "\n",
    "# Obtain extrinsics\n",
    "extrinsics = list(map(lambda rvec, tvec: np.hstack((cv2.Rodrigues(rvec)[0], tvec)), rvecs, tvecs))\n",
    "\n",
    "# Print outputs\n",
    "print(\"Intrinsics:\\n\", intrinsics)\n",
    "print(\"Distortion coefficients:\\n\", dist_coeffs)\n",
    "print(\"Root mean squared reprojection error:\\n\", rms)"
   ]
  },
  {
   "cell_type": "markdown",
   "metadata": {},
   "source": [
    "#### Error de right con cv.cornerSubPix()"
   ]
  },
  {
   "cell_type": "code",
   "execution_count": 24,
   "metadata": {},
   "outputs": [
    {
     "name": "stdout",
     "output_type": "stream",
     "text": [
      "Intrinsics:\n",
      " [[430.76992911   0.         145.23316559]\n",
      " [  0.         432.06924533 136.97901747]\n",
      " [  0.           0.           1.        ]]\n",
      "Distortion coefficients:\n",
      " [[-0.11610352 -0.1381798   0.00705097 -0.00595672  1.18788066]]\n",
      "Root mean squared reprojection error:\n",
      " 0.10760044853606197\n"
     ]
    }
   ],
   "source": [
    "rms, intrinsics, dist_coeffs, rvecs, tvecs = cv2.calibrateCamera(chessboard_points, corners_refined_right, valid_imgs_gray_right[0].shape[::-1], np.zeros((3,3)), np.zeros((1,4)))\n",
    "\n",
    "# Obtain extrinsics\n",
    "extrinsics = list(map(lambda rvec, tvec: np.hstack((cv2.Rodrigues(rvec)[0], tvec)), rvecs, tvecs))\n",
    "\n",
    "# Print outputs\n",
    "print(\"Intrinsics:\\n\", intrinsics)\n",
    "print(\"Distortion coefficients:\\n\", dist_coeffs)\n",
    "print(\"Root mean squared reprojection error:\\n\", rms)"
   ]
  },
  {
   "cell_type": "markdown",
   "metadata": {},
   "source": [
    "### **Pregunta A.3:** N칰mero m칤nimo de im치genes necesarias para calibrar."
   ]
  },
  {
   "cell_type": "code",
   "execution_count": 25,
   "metadata": {},
   "outputs": [],
   "source": [
    "# TODO Homework\n",
    "import matplotlib.pyplot as plt"
   ]
  },
  {
   "cell_type": "markdown",
   "metadata": {},
   "source": [
    "### LEFT"
   ]
  },
  {
   "cell_type": "code",
   "execution_count": 26,
   "metadata": {},
   "outputs": [
    {
     "data": {
